Name of Image: Hall 8 floor
{
    classrooms:
        H-801: {45.49730, -73.57852},
        H-802: {45.49730, -73.57870},
        H-803: {45.49724, -73.57854},
        H-805.01: {45.49720, -73.57863},
        H-805.02: {45.49718, -73.57859},
        H-805.03: {45.49718, -73.57855},
        H-806.01: {45.49719, -73.57875},
        H-806.02: {45.49720, -73.57879},
        H-806.03: {45.49722, -73.57882},
        H-810: {45.49712, -73.57886},
        H-811: {45.497040, -73.57871},
        H-813: {45.496990, -73.57875},
        H-815: {45.496950, -73.57880},
        H-817: {45.49687, -73.57886},
        H-819: {45.49691, -73.57896},
        H-820: {45.49716, -73.57900},
        H-821: {45.49696, -73.57902},
        H-822: {45.49716, -73.57916},
        H-823: {45.49699, -73.57909},
        H-825: {45.49702, -73.57917},
        H-827: {45.49706, -73.57923},
        H-829: {45.49710, -73.57930},
        H-831: {45.49716, -73.57942},
        H-832.01: {45.49730, -73.57918},
        H-832.02: {45.49725, -73.57919},
        H-832.03: {45.49728, -73.57916},
        H-832.05: {45.49726, -73.57911},
        H-832.06: {45.49722, -73.57907},
        H-833: {45.49721, -73.57938},
        H-835: {45.49726, -73.57933},
        H-837: {45.49731, -73.57929},
        H-838: {45.49736, -73.57910},
        H-838.01: {45.49734, -73.57907},
        H-840: {45.49732, -73.57894},
        H-842: {45.49737, -73.57894},
        H-841: {45.49741, -73.57919},
        H-843: {45.49747, -73.57914},
        H-845: {45.49752, -73.57910},
        H-847: {45.49756, -73.57906},
        H-849: {45.49762, -73.57902},
        H-851.01: {45.49757, -73.57894},
        H-851.02: {45.49760, -73.57890},
        H-851.03: {45.49762, -73.57893},
        H-852: {45.49746, -73.57893},
        H-853: {45.49757, -73.57885},
        H-854: {45.49743, -73.57887},
        H-855: {45.49754, -73.57878},
        H-857: {45.49748, -73.57872},
        H-859: {45.49746, -73.57864},
        H-860.01: {45.49740, -73.57875},
        H-860.03: {45.49740, -73.57879},
        H-860.04: {45.49737, -73.57881},
        H-860.05: {45.49742, -73.57882},
        H-860.06: {45.49738, -73.57886},
        H-861: {45.49743, -73.57856},
        H-863: {45.49740, -73.57850},
        H-865: {45.49738, -73.57846},
        H-867: {45.49735, -73.57839},
        H-875: {45.49746, -73.57900},
        H-877: {45.49743, -73.57895},
        H-881: {45.49744, -73.57905},
        H-899.051: {45.49714, -73.57937},
        H-899.053: {45.49741, -73.57902}
    hallway:
        {45.4972, -73.57888}
}
