Name of Image: Hall 1 floor
{
    classrooms:
        H-023: {45.49730, -73.57852},
        H-052: {45.497052, -73.578926},
        H-102: {45.49716, -73.57942},
        H-102.3: {45.49726, -73.57933},
        H-109.1: {45.49754, -73.57878},
        H-110: {45.49746, -73.57893},
        H-112: {45.49736, -73.57910},
        H-114: {45.49732, -73.57894},
        H-115: {45.49722, -73.57907},
        H-116.4: {45.49730, -73.57918},
        H-118: {45.497231, -73.579217},
        H-118.1: {45.49725, -73.57919},
        H-118.4: {45.49710, -73.57930},
        H-118.5: {45.49714, -73.57937},
        H-118.12: {45.49728, -73.57916},
        H-118.13: {45.49725, -73.57919},
        H-118.14: {45.497231, -73.579217)
        H-118.3: {45.49716, -73.57916},
        H-119.40: {45.49732, -73.57894},
        H-120: {45.49731, -73.57883},
        H-122: {45.49722, -73.57882},
        H-124: {45.49722, -73.57882},
        H-125: {45.49746, -73.57864},
        H-126: {45.49716, -73.57900},
        H-127: {45.49743, -73.57856},
        H-128: {45.49716, -73.57900},
        H-129: {45.49740, -73.57850},
        H-131: {45.497144, -73.578612},
        H-133: {45.496990, -73.57875},
        H-133.1: {45.497040, -73.57871},
        H-135: {45.496990, -73.57875},
        H-135.1: {45.496950, -73.57880},
        H-137: {45.496950, -73.57880},
        H-139: {45.49687, -73.57886},
        H-139.1: {45.49687, -73.57886},
        H-139.2: {45.49687, -73.57886},
        H-149: {45.49712, -73.57886},
        H-150: {45.49713, -73.57908},
        H-150.1: {45.49716, -73.57900},
        H-151.1: {45.49699, -73.57909},
        H-153: {45.49702, -73.57917},
        H-155: {45.49706, -73.57923},
        H-157: {45.49710, -73.57930},
        H-190: {45.49748, -73.57872},
        H-196.1: {45.49731, -73.57929},
        H-196.2: {45.49731, -73.57929},
        H-198: {45.49714, -73.57937},
        H-199.50: {45.497052, -73.578926},
        H-199.70: {45.497052, -73.578926}
    hallway:
        {45.497034, -73.578692},
        {45.497055, -73.578736},
        {45.497075, -73.578786},
        {45.497094, -73.578761},
        {45.497122, -73.578734},
        {45.497151, -73.578703},
        {45.497193, -73.578663},
        {45.497232, -73.578628},
        {45.497271, -73.578589},
        {45.497310, -73.578554},
        {45.497291, -73.578500},
        {45.497416, -73.578456},
        {45.497373, -73.578498},
        {45.497324, -73.578619},
        {45.497398, -73.578553},
        {45.497420, -73.578595},
        {45.497446, -73.578645},
        {45.497418, -73.578676},
        {45.497390, -73.578704},
        {45.497364, -73.578731},
        {45.497338, -73.578759},
        {45.497308, -73.578791},
        {45.497278, -73.578820},
        {45.497252, -73.578846},
        {45.497234, -73.578867},
        {45.497212, -73.578826},
        {45.497193, -73.578794},
        {45.497176, -73.578757},
        {45.497163, -73.578728},
        {45.497067, -73.578747},
        {45.497103, -73.578820},
        {45.497134, -73.578895}
    escalator:
            {45.497324, -73.578619}
    elevator:
            {45.49734, -73.57878}
}
