Name of Image: Hall 2 floor
{
    classrooms:
            H-0052: {45.496950, -73.57880}
            H-110: {45.49743, -73.57887}
            H-205: {45.49748, -73.57872}
            H-213: {45.49730, -73.57852}
            H-222: {45.497400, -73.578529}
            H-224: {45.49731, -73.57883}
            H-225: {45.49743, -73.57856}
            H-231: {45.49722, -73.57871}
            H-239: {45.497040, -73.57871}
            H-258: {45.49718, -73.57859}
            H-260: {45.49702, -73.57917}
            H-275: {45.49691, -73.57896}
            H-281: {45.49696, -73.57902}
            H-283: {45.49740, -73.57850}
            H-290: {45.49746, -73.57864}
    hallway:
        {45.497280, -73.578800},
        {45.497280, -73.578800},


}